lastAccountName: Equilibris
timestamps:
  login: 1586190119873
  logout: 1586190435821
ipAddress: 92.220.188.168
lastlocation:
  world: world
  x: -202.8257854250604
  y: 64.0
  z: 553.3268417389507
  yaw: 72.93109
  pitch: 26.172338
logoutlocation:
  world: secret
  x: -44.12967581972846
  y: 4.0
  z: 104.72722183445958
  yaw: 102.59039
  pitch: 40.568398
