lastAccountName: Equilibris
timestamps:
  login: 1586289311977
  logout: 1586289486952
ipAddress: 92.220.188.168
lastlocation:
  world: world
  x: -255.31275465050936
  y: 64.0
  z: 477.21307354849915
  yaw: -273.2993
  pitch: 0.7500495
logoutlocation:
  world: world
  x: -196.80844570714873
  y: 63.0
  z: 614.3160339857983
  yaw: 67.57318
  pitch: 10.350329
