lastAccountName: Equilibris
timestamps:
  login: 1586198795353
  logout: 1586198837598
ipAddress: 92.220.188.168
lastlocation:
  world: secret
  x: -94.8130908988145
  y: 4.419999986886978
  z: 59.982454323092895
  yaw: -37.198204
  pitch: 10.349962
logoutlocation:
  world: world
  x: -327.69999998807907
  y: 13.0
  z: 499.57582812487107
  yaw: -177.17123
  pitch: 52.19966
