lastAccountName: LUKE_3D
timestamps:
  login: 1586205034391
  logout: 1586207067037
ipAddress: 76.85.13.144
lastlocation:
  world: world
  x: -190.52278938192129
  y: 64.6537296175886
  z: 533.5038137110835
  yaw: 181.36702
  pitch: 12.749478
logoutlocation:
  world: world
  x: -204.52586880726517
  y: 64.0
  z: 560.2937283597505
  yaw: 144.67792
  pitch: 4.4992676
