lastAccountName: TechnicalPlayz
timestamps:
  login: 1586204567000
  lastteleport: 1586197028150
  logout: 1586205025086
ipAddress: 94.214.51.140
lastlocation:
  world: world
  x: -256.8378086629349
  y: 9.0
  z: 531.454636673189
  yaw: -122.966156
  pitch: 23.99923
logoutlocation:
  world: world
  x: -192.92500001192093
  y: 63.0
  z: 535.624273913211
  yaw: 95.130066
  pitch: 27.899395
