lastAccountName: TechnicalPlayz
timestamps:
  login: 1586283567068
  lastteleport: 1586197028150
  logout: 1586290240799
ipAddress: 94.214.51.140
lastlocation:
  world: world
  x: -179.7663151159935
  y: 64.0
  z: 530.5149622365228
  yaw: -353.91058
  pitch: 40.04952
logoutlocation:
  world: world
  x: -181.91104969933923
  y: 75.0
  z: 537.9743929081621
  yaw: 10.201738
  pitch: 18.749693
