lastAccountName: TechnicalPlayz
timestamps:
  login: 1586182649189
  lastteleport: 1586185509169
  logout: 1586186958073
ipAddress: 94.214.51.140
lastlocation:
  world: world
  x: 258.0786652968042
  y: 68.0
  z: -169.0042140470059
  yaw: -259.40204
  pitch: 4.9503493
logoutlocation:
  world: secret
  x: -51.85769524504799
  y: 6.508935711677191
  z: 86.12270023631825
  yaw: 71.68619
  pitch: 27.14998
