lastAccountName: Ricky107
timestamps:
  login: 1586191339091
  logout: 1586191232571
ipAddress: 145.87.253.6
logoutlocation:
  world: world
  x: -214.0086379544795
  y: 63.0
  z: 548.5477768506016
  yaw: -63.085724
  pitch: 11.071804
