lastAccountName: Ricky107
timestamps:
  login: 1586282946798
  logout: 1586290756848
ipAddress: 145.87.253.6
logoutlocation:
  world: world
  x: -223.41511723563534
  y: 64.0
  z: 530.2051976800451
  yaw: 181.71832
  pitch: 4.6503177
lastlocation:
  world: world
  x: -221.40926099516503
  y: 67.92159999847412
  z: 525.7442218907693
  yaw: 197.61102
  pitch: 53.700592
