lastAccountName: Ricky107
timestamps:
  login: 1586201868453
  logout: 1586202102138
ipAddress: 145.87.253.6
logoutlocation:
  world: world
  x: -227.30000001192093
  y: 64.0
  z: 531.3000000119209
  yaw: 230.25995
  pitch: 73.800095
lastlocation:
  world: world
  x: -200.31897833634696
  y: 55.0
  z: 613.5877599228271
  yaw: 212.39966
  pitch: 18.900047
