lastAccountName: Yohello_21
timestamps:
  login: 1586290517816
  logout: 1586290522400
ipAddress: 99.247.54.130
logoutlocation:
  world: world_nether
  x: 0.0
  y: 21.0
  z: 0.0
  yaw: 0.0
  pitch: 0.0
lastlocation:
  world: world
  x: -415.25496730313773
  y: 11.0
  z: 530.4805887770209
  yaw: -89.40985
  pitch: 6.1499104
