lastAccountName: Yohello_21
timestamps:
  login: 1586203132963
  logout: 1586207188086
ipAddress: 99.247.54.130
logoutlocation:
  world: world
  x: 361.3572620953302
  y: 61.0
  z: 724.304387678248
  yaw: -196.02484
  pitch: -19.05018
lastlocation:
  world: world
  x: -271.40800541430553
  y: 65.0
  z: 538.5417053495091
  yaw: -280.05005
  pitch: 13.949998
