lastAccountName: Dhretsam
timestamps:
  login: 1586189279078
  logout: 1586188782618
ipAddress: 87.156.41.175
logoutlocation:
  world: secret
  x: -46.41402022222941
  y: 14.762323673727165
  z: 109.12847099031369
  yaw: 96.761284
  pitch: 26.418318
lastlocation:
  world: world
  x: -239.91488098482307
  y: 63.1212968405392
  z: 609.2680953952554
  yaw: 66.231445
  pitch: 6.600215
afk: false
