lastAccountName: Dhretsam
timestamps:
  login: 1586197625749
  logout: 1586202132837
ipAddress: 87.156.41.175
logoutlocation:
  world: world
  x: -205.3822262522493
  y: 65.0
  z: 508.30000001192093
  yaw: -80.998436
  pitch: 22.04983
lastlocation:
  world: world
  x: -755.7859592333966
  y: 10.959816719241443
  z: 528.5991840307779
  yaw: -292.2993
  pitch: 29.849781
afk: false
