lastAccountName: Dadraisa
timestamps:
  login: 1586290352369
  logout: 1586290378651
ipAddress: 190.158.138.152
logoutlocation:
  world: world
  x: -186.90031241284174
  y: 65.0
  z: 604.4753335705727
  yaw: -274.13165
  pitch: 6.1168904
