lastAccountName: Twiggeh99
timestamps:
  login: 1586208211708
  logout: 1586208230849
  lastteleport: 1586200383276
ipAddress: 127.0.0.1
logoutlocation:
  world: world
  x: -198.23710497030112
  y: 63.0625
  z: 603.9606562017863
  yaw: 114.57944
  pitch: 9.33852
lastlocation:
  world: world
  x: -187.94078351230277
  y: 65.0
  z: 605.6999999880791
  yaw: 128.76147
  pitch: 9.074017
