lastAccountName: Twiggeh99
timestamps:
  login: 1586288922683
  logout: 1586289516549
  lastteleport: 1586286046169
ipAddress: 127.0.0.1
logoutlocation:
  world: world
  x: -206.0271148246664
  y: 63.0
  z: 603.1995076696701
  yaw: 93.973785
  pitch: 7.0486717
lastlocation:
  world: world
  x: -206.66307607026945
  y: 64.0
  z: 566.2102104439609
  yaw: 268.30682
  pitch: 6.5203247
