lastAccountName: Twiggeh99
timestamps:
  login: 1586185420684
  logout: 1586182593114
  lastteleport: 1586185494838
ipAddress: 127.0.0.1
logoutlocation:
  world: world
  x: -144.13513017936071
  y: 64.5
  z: 557.1683447012242
  yaw: 132.84375
  pitch: 10.832806
lastlocation:
  world: world
  x: 259.0511256579833
  y: 66.69483896271026
  z: -174.3993726050234
  yaw: 84.40796
  pitch: 4.817169
